69
1108 775 1364 693 794 421 383 970 1122 1163
71 59 100 103 95 38 62 61 72 18
423 644 871 1192 1121 776 1180 658 462 1121
64 54 61 40 22 77 103 56 20 52
543 412 930 747 947 860 1033 828 658 435
39 27 66 46 63 26 46 30 45 90
627 478 689 1153 717 736 520 617 1090 834
50 74 80 36 47 19 23 44 27 105
860 896 821 679 701 376 1025 1203 418 792
49 83 45 68 25 89 19 32 92 84
1279 383 551 895 1048 1060 652 999 1054 384
16 64 94 100 50 26 104 97 97 86
465 1286 837 586 737 1357 929 712 1278 1396
28 42 39 56 38 94 59 16 18 87
1218 1155 552 414 1081 670 390 1136 818 1200
83 48 30 70 52 98 65 28 78 55
1005 1121 740 781 413 997 673 1163 1285 1239
43 80 78 88 103 83 23 43 89 27
483 471 645 876 574 1254 1334 618 1104 1321
58 25 54 99 97 82 40 30 21 22
478 1081 386 860 763 947 605 358 415 575
86 91 29 82 79 65 35 66 109 22
846 573 869 791 916 1301 1211 1279 940 447
105 85 44 67 45 70 38 47 44 36
703 1204 1312 511 1086 568 553 1323 1070 938
56 68 63 75 47 38 56 60 39 89
894 1118 1211 481 1025 830 1277 734 735 355
28 76 21 52 66 68 95 77 99 68
1257 1017 704 481 964 789 908 1101 511 642
87 72 39 24 88 36 49 43 83 32
1122 1123 1105 1115 721 390 1354 1018 1055 1164
50 74 55 95 34 96 79 87 29 19
533 1369 462 1277 1217 550 696 909 602 765
49 23 20 19 80 82 17 67 73 99
872 1219 879 443 984 482 450 1353 612 1171
33 26 57 105 80 37 91 51 62 78
478 515 583 899 1377 1115 764 1277 743 955
37 59 80 47 28 45 82 29 80 88
790 1286 592 646 808 492 470 618 1053 387
45 33 103 53 86 31 52 109 38 61
1175 684 1290 1138 511 1121 535 953 879 1214
62 55 82 33 99 52 109 24 71 36
1309 1384 1032 1124 1348 627 1067 1032 1304 1284
29 37 79 44 30 49 80 29 99 44
610 1094 1228 688 641 754 1310 1186 634 810
81 45 24 100 84 85 26 45 73 51
975 372 560 1328 1285 589 1327 674 529 703
44 96 91 78 89 70 78 37 97 107
993 421 734 841 858 961 570 372 511 882
62 63 99 52 19 70 41 105 105 54
1293 1164 1378 735 1140 988 818 1310 1242 941
105 77 54 52 42 82 34 23 77 99
906 1131 528 1211 1024 1243 1396 798 1244 436
51 47 103 54 106 44 67 18 102 63
1080 1279 633 528 1113 1128 391 909 1163 861
91 38 26 108 79 17 44 77 43 31
1180 687 418 1019 575 701 436 788 815 1330
90 87 107 75 81 53 26 94 97 73
988 1089 738 1064 900 567 899 393 931 1091
106 84 70 40 55 44 56 68 35 30
764 716 592 1352 436 1197 745 466 867 1210
26 47 74 63 109 29 103 25 18 42
963 1399 633 1296 1361 511 446 379 855 856
32 71 15 98 36 87 96 69 98 15
489 917 1011 1146 1080 801 900 462 1072 449
96 38 23 37 96 26 92 75 72 38
602 622 783 528 657 704 578 631 504 1378
32 41 87 88 40 70 54 29 59 86
711 611 1250 561 680 454 607 1149 604 1284
33 93 48 84 106 18 96 100 35 73
847 674 750 604 856 588 1133 746 1052 357
93 93 27 56 77 69 72 100 82 44
1376 1240 1247 549 1293 1249 1004 1291 780 617
107 99 22 24 55 71 99 105 34 108
972 829 1396 1191 665 722 506 742 796 366
39 32 48 108 19 97 93 51 91 62
698 1235 617 1290 808 387 357 516 1293 705
60 91 56 37 55 36 102 105 108 84
389 1165 1388 996 1234 918 1033 1395 633 1377
54 29 16 105 22 88 64 26 68 20
764 762 538 783 1354 728 1381 1265 996 1285
24 17 37 48 70 101 90 75 105 37
422 1314 930 1195 449 700 1358 961 648 868
72 32 30 109 50 51 74 22 47 69
791 886 1108 622 639 700 636 1133 1200 545
70 35 35 38 52 85 93 41 39 75
552 1318 513 1168 674 903 1230 490 766 1335
56 88 77 77 36 21 40 17 67 82
758 1009 573 504 965 660 1183 843 763 488
16 74 30 109 109 62 33 36 29 63
978 1064 448 490 1028 1342 997 1167 509 1236
18 81 36 71 83 25 80 98 53 29
522 1113 567 691 402 710 1029 383 539 665
56 69 60 68 58 76 39 35 92 104
1313 606 907 1366 441 592 754 1270 747 1369
41 38 32 27 24 77 41 48 99 103
705 1023 981 1145 1198 786 673 436 592 447
26 85 26 39 36 63 19 25 75 100
908 1047 1208 528 855 627 743 407 1373 849
34 67 30 26 60 64 41 47 54 37
520 457 1056 644 657 960 1097 852 611 1234
72 49 75 26 25 26 90 21 87 15
354 1111 728 804 1290 475 738 1006 1306 1013
39 99 46 98 74 33 26 74 70 16
852 1249 578 988 699 1134 555 1116 1272 1283
34 52 88 75 18 58 46 79 105 64
477 755 1264 954 1175 1091 1130 1231 400 465
46 88 26 30 45 79 85 74 91 82
1085 1112 389 1105 793 391 1332 508 1121 606
97 81 53 90 97 87 25 75 69 76
773 1307 1301 1111 1392 433 1189 532 891 1122
92 54 84 81 32 100 92 101 93 82
375 971 994 768 1102 946 359 903 376 989
45 48 48 105 45 106 62 85 65 15
1005 1127 975 1302 993 379 877 863 604 499
26 31 16 100 93 74 67 42 55 55
905 1071 754 1355 1218 764 1167 836 946 946
104 18 100 50 106 81 98 92 51 77
1158 1003 1248 779 1294 974 1077 1024 611 1010
24 53 26 55 74 53 75 20 89 77
685 1381 912 1223 1110 1207 609 713 1358 1157
87 41 100 58 74 15 83 43 76 106
1257 813 717 1306 1360 583 461 1117 542 383
83 105 87 85 44 48 52 19 29 54
982 848 915 1106 490 985 776 1133 548 855
80 88 53 95 105 18 107 35 84 104
691 1384 1304 1216 798 742 924 1346 1284 1046
69 35 94 16 100 37 79 57 20 106
1393 844 1378 948 657 1080 1137 843 1317 1107
109 55 85 49 62 15 36 89 101 73
1255 1187 904 1233 1397 1342 519 440 762 871
26 42 68 94 105 64 82 106 71 101
507 533 1080 1377 1272 1139 532 685 1211 1170
45 104 30 67 54 17 56 94 84 43
943 725 449 618 1194 950 486 809 537 1393
97 82 31 16 59 29 107 90 79 51
423 1365 911 578 1001 928 774 890 592 1000
93 95 81 107 63 39 96 101 49 33