92
619 913 938 905 1308
48 48 103 77 22
498 1061 437 589 746
66 40 47 52 93
800 951 1091 947 1028
101 51 93 68 92
1287 774 882 618 909
88 53 66 73 81
1366 1342 1224 399 1104
73 66 95 47 62
433 1302 1013 527 706
20 79 16 104 87
994 1281 900 399 514
77 72 63 61 34
740 815 1376 888 918
20 65 91 33 59
1083 763 1283 589 1174
93 108 84 90 99
1133 626 896 1019 671
36 91 74 105 106
1368 1015 1335 1132 1016
104 75 45 59 25
455 719 355 830 517
96 21 57 40 101
787 373 878 458 1064
43 76 50 69 24
1307 1224 870 1332 974
39 58 109 60 19
1109 932 680 671 476
89 25 20 27 19
817 989 1398 723 1163
31 27 102 102 78
776 1216 1160 873 497
25 77 52 65 93
1020 901 438 1063 1255
47 82 33 49 47
1125 607 1236 1249 775
54 41 19 51 47
820 603 1180 546 1046
15 32 69 76 50
746 1194 852 707 356
101 49 19 33 62
933 1326 751 1063 665
97 15 67 101 68
1024 1033 824 1246 1023
68 84 68 66 73
1145 1319 1248 454 707
67 99 51 50 90
441 1309 773 1344 1171
95 59 40 69 26
446 361 463 710 906
63 72 55 54 73
1095 888 1089 1253 1165
69 42 34 78 98
893 731 954 476 662
99 79 52 37 62
412 829 1131 1339 586
82 51 42 103 87
894 807 750 625 917
16 84 31 100 22
1188 1145 372 1344 873
39 52 40 35 79
1393 1110 1388 662 1013
40 16 54 45 61
1083 1146 1097 515 625
105 60 23 103 98
1142 1388 671 613 821
38 85 105 95 71
1218 456 1378 1389 1306
53 35 54 19 18
899 977 741 1137 501
74 106 42 36 38
906 780 707 758 1053
64 76 41 83 39
933 535 357 504 992
77 44 89 81 57
763 1119 674 819 803
82 33 96 31 62
1218 1194 989 608 1077
70 38 61 100 85
1219 610 830 715 1002
52 83 72 94 26
425 933 996 520 370
25 43 46 36 100
627 683 660 1188 669
107 31 48 61 74
1320 1168 1364 1273 1074
102 30 16 73 28
699 820 745 865 1358
37 20 66 101 49
1067 743 1363 1097 1014
46 104 76 107 67
541 865 635 1318 684
22 46 26 94 29
1035 993 1072 671 963
106 109 56 74 60
782 817 689 603 1334
52 30 70 73 75
451 1035 1391 700 1352
107 57 56 77 90
842 707 1155 905 1288
82 28 97 48 17
364 1357 1040 542 681
26 102 83 97 26
1104 541 741 518 1321
109 56 51 17 65
710 423 1019 593 1252
39 38 23 65 80
1077 830 855 1368 899
24 59 70 99 68
1222 1103 1312 473 958
84 94 90 94 50
589 455 1322 1199 669
105 108 42 19 103
993 626 377 966 479
67 63 80 34 24
827 799 636 1263 450
76 94 22 48 74
636 706 760 1257 730
17 90 79 78 109
1378 966 1286 723 424
72 84 25 43 68
666 970 536 1320 657
71 59 41 94 45
539 1128 474 608 1382
38 37 88 95 97
787 359 729 468 535
82 90 62 90 71
730 785 843 518 1116
106 60 65 76 82
844 532 1388 1017 678
21 30 22 40 39
1161 866 1019 1078 852
31 82 78 43 92
1195 1250 528 877 1174
77 44 64 56 57
880 567 634 861 438
40 101 46 42 38
936 1096 1334 837 785
80 42 86 29 75
1115 1311 402 953 1255
40 70 88 19 28
912 1053 1359 717 656
38 67 15 49 57
1024 1024 429 1192 613
66 87 15 94 109
966 659 1093 1260 1376
82 88 88 75 74
1107 758 1397 1211 766
100 53 15 62 29
948 704 1242 789 515
21 49 30 31 60
1190 620 1134 1380 1017
48 36 59 107 24
615 844 1109 579 565
62 65 59 92 65
1024 762 489 1027 638
78 55 94 25 43
1159 1053 642 628 927
39 55 18 78 67
587 640 968 853 1391
55 47 36 56 59
544 1211 556 1169 737
47 22 60 71 54
1145 611 911 810 1034
22 94 96 49 59
1394 734 1044 1322 885
21 67 31 43 69
1335 559 914 682 1218
24 106 64 43 25
355 519 487 538 1052
71 34 53 23 40
849 447 930 1071 1349
36 55 55 99 54
607 867 747 1304 869
18 18 107 89 21
509 1271 517 383 718
81 81 62 54 51
1085 646 627 414 389
16 104 57 75 80
564 999 1134 1084 1034
109 22 95 103 84
1113 538 868 729 1122
78 75 87 59 89