75
643 1309 445 398
86 71 64 61
884 663 1127 854
60 101 74 84
593 542 1050 404
100 18 80 86
354 646 1127 624
21 70 31 39
1352 1018 1211 688
62 97 56 63
1285 821 488 762
90 97 54 39
959 658 1162 1051
20 93 74 38
889 1393 497 1268
37 73 50 70
965 852 1058 461
62 72 50 25
1065 1329 813 591
94 74 51 87
417 450 1024 466
71 24 92 72
1270 1048 1323 837
43 40 50 22
807 948 1080 901
17 78 61 107
802 1244 1212 742
20 97 69 79
635 1123 652 1244
32 76 82 19
810 1020 780 1243
43 79 18 101
1177 387 1241 583
71 73 59 33
1262 405 1296 645
43 78 44 22
552 751 1127 952
50 83 106 74
826 505 377 967
76 86 46 86
744 1302 572 943
73 17 45 23
605 1380 835 1282
50 89 63 104
444 1165 555 596
57 57 23 70
974 939 588 666
97 23 24 86
804 1290 593 1394
45 71 80 76
522 987 912 974
97 24 67 96
1126 1280 444 1381
78 63 19 71
1336 1375 1099 977
108 46 63 69
1243 752 537 1134
88 86 41 53
1095 978 810 809
46 70 89 56
908 450 775 863
76 108 24 23
363 361 1161 947
65 71 21 71
527 482 891 615
51 59 87 99
1336 670 445 713
106 37 107 93
807 633 686 1063
18 31 38 39
832 673 1300 836
19 34 87 40
795 1115 1369 744
97 93 32 24
691 814 952 1106
49 99 71 86
1108 1295 1192 384
99 55 94 75
752 775 944 810
86 17 97 95
441 373 449 1347
83 60 107 49
640 419 1340 1285
70 42 79 68
719 1324 705 690
70 95 40 47
712 410 640 660
66 68 68 66
811 937 1212 803
18 60 59 47
608 774 507 765
45 59 20 50
358 589 569 1265
24 37 73 51
907 1068 1250 1058
28 66 94 32
524 1351 568 1254
49 75 60 73
424 1026 878 709
48 87 86 71
351 1092 1163 922
30 83 97 106
492 1242 762 428
78 67 52 41
1373 771 1237 802
99 45 65 24
813 1116 858 1037
65 100 90 99
402 656 1030 1387
38 48 105 15
1160 1342 588 702
22 108 44 17
1299 1317 832 1141
27 81 68 28
440 1219 577 591
47 50 27 30
894 351 484 802
55 37 51 88
607 1215 543 712
74 75 41 53
765 645 882 575
71 69 33 15
447 535 951 495
17 100 42 16
512 943 427 656
17 42 23 101
370 428 1049 845
80 56 91 32
409 704 1314 651
75 50 29 68
403 542 1081 1154
45 74 101 89
684 715 1070 814
17 67 38 83
530 573 810 1068
48 101 91 45
874 527 1203 630
95 44 78 56
1239 985 580 1307
49 86 61 97
1110 1318 783 1159
95 53 55 74
1385 782 756 768
81 22 65 20
989 880 1108 783
39 44 74 82
1315 1104 749 594
66 42 36 18
703 1188 869 972
51 109 82 41