92
1079 673 1107 692 1379
37 108 57 67 75
864 845 686 749 1349
27 50 101 41 105
1390 1030 484 382 1156
103 41 82 33 106
590 802 520 1331 1179
51 69 65 23 70
670 1003 1009 1018 821
84 109 40 31 87
1019 439 1176 784 373
71 28 50 19 50
820 940 539 499 516
49 57 108 99 75
714 704 816 1105 368
84 67 29 44 96
1114 384 664 1244 1242
18 61 58 45 48
564 1205 1097 1207 735
23 76 69 37 104
1204 833 1052 1255 937
107 75 103 43 60
679 942 1352 1306 1380
19 41 47 38 99
794 1153 821 1107 934
92 41 53 90 108
859 959 1247 471 916
71 27 54 102 33
860 468 966 528 577
54 98 35 82 78
983 1176 375 1193 1287
66 35 94 43 30
464 837 702 708 454
73 55 60 57 18
401 542 898 452 654
63 47 72 93 59
932 924 1382 1377 1310
45 32 60 46 70
1273 1164 1201 639 603
59 61 103 33 61
1007 872 1271 1240 873
103 99 66 49 23
1366 853 1292 1097 458
86 107 109 86 44
953 467 1396 1152 501
32 79 43 24 56
1173 1105 1243 1137 628
60 37 77 71 29
990 1078 735 978 1244
55 97 46 107 69
1186 1214 846 712 646
38 35 78 40 82
1393 519 1024 364 857
52 62 28 18 54
701 1053 1076 1372 1394
50 55 30 56 62
371 695 810 595 454
39 57 34 82 100
500 1366 630 896 710
36 24 40 77 89
1308 998 992 536 1199
55 59 31 102 74
935 1182 699 688 1022
28 23 77 19 94
908 1023 1227 826 919
42 28 34 52 97
841 774 936 958 583
67 64 61 104 64
984 956 669 826 1103
37 24 48 104 48
1034 1263 681 1396 1340
60 91 90 59 30
1033 974 1300 366 498
41 47 95 85 26
537 596 491 1014 1089
20 95 39 99 54
992 688 488 698 835
58 39 80 90 40
709 981 1288 1298 666
47 42 29 108 103
1269 1117 603 486 668
40 67 81 85 103
912 704 454 1242 380
98 56 52 60 72
477 552 944 1227 1356
75 35 84 66 52
936 1123 780 543 753
15 55 71 57 18
890 1058 1177 1205 816
85 53 48 92 84
955 638 886 497 462
86 60 76 100 61
1171 389 643 376 1040
82 52 98 89 100
880 1254 1303 783 969
91 27 84 63 24
1317 629 1006 417 1148
68 61 57 35 48
405 1199 384 1347 1182
32 38 78 35 73
863 747 1321 1162 439
65 15 108 106 43
990 1298 1394 599 1325
75 99 26 90 103
1093 1137 770 851 883
58 27 42 76 103
1207 761 1153 531 1252
58 69 61 17 109
933 783 1274 998 453
64 52 102 55 33
738 1143 412 705 1265
106 60 108 106 76
633 1249 472 1350 854
104 23 42 104 74
1125 687 393 490 582
98 47 21 92 23
859 426 1134 452 623
96 21 83 27 41
1239 426 838 351 780
45 95 65 100 45
678 786 851 597 599
84 30 103 82 70
1085 381 1351 1259 1221
22 22 74 79 101
538 1279 768 1228 1247
65 17 60 44 50
1193 1041 662 1092 1058
18 20 37 109 36
650 645 561 660 448
31 103 32 46 52
1271 751 1294 589 651
17 62 43 72 17
1380 585 642 406 741
72 52 46 50 56
986 561 470 421 1368
109 61 74 75 84
931 1050 513 991 474
99 83 66 107 87
624 839 1080 948 1389
97 43 53 107 80
663 1171 407 697 1227
28 31 36 103 49
1387 1247 1125 391 430
86 33 18 94 51
565 648 817 370 784
101 99 78 40 109
716 770 1347 444 548
38 89 78 79 62
454 850 648 1051 1226
42 54 105 58 97
1185 742 1114 1175 802
54 76 47 89 41
695 983 1297 1282 737
88 72 104 102 90
656 941 590 1352 1247
34 64 102 82 60
715 1195 986 865 462
64 63 82 108 82
960 1014 1173 1028 1390
41 51 46 27 86
685 1135 865 890 692
79 15 70 61 60
755 1308 593 458 547
50 20 17 53 45
885 401 369 793 427
86 85 54 62 70
557 527 1082 902 864
73 99 69 49 105
1061 682 1307 1274 1296
21 34 75 96 18
678 774 963 905 567
60 91 105 62 81
1288 1244 1248 1054 1224
40 44 105 42 101
1274 668 1196 1307 795
91 18 104 90 50
936 505 880 694 1370
94 73 102 91 79
896 1271 1078 782 480
104 109 81 102 99
1110 743 867 875 961
52 54 64 87 60
1025 1276 466 1291 1308
22 50 52 36 26