48
1086 470 1120 940
30 42 42 96
926 711 1292 1394
76 39 99 23
1126 375 815 393
70 55 50 56
432 1148 1288 1397
46 57 56 52
1262 467 682 443
87 99 54 27
893 1009 1136 1354
26 17 83 98
889 543 1333 1383
99 35 40 49
411 819 499 774
101 55 102 54
987 1243 922 927
49 56 38 71
490 1365 1032 608
96 16 56 33
1028 649 1018 486
106 21 65 94
810 636 491 979
34 45 51 44
1263 553 761 759
57 48 103 33
826 999 981 561
36 28 106 71
481 1197 1081 600
36 85 105 46
1252 426 1133 669
50 67 72 34
1101 1037 1349 659
105 45 41 89
839 917 815 1001
96 89 109 64
1207 794 1372 460
24 70 91 90
1385 831 1309 828
84 107 105 17
859 903 1129 807
20 100 108 25
989 360 1331 706
16 24 93 30
954 1125 1322 1051
32 106 73 87
1034 769 723 776
62 43 48 82
381 1357 1298 786
63 27 40 40
803 893 1035 861
27 56 83 109
1351 521 353 911
64 78 29 45
1180 731 465 583
89 68 49 42
545 894 564 1012
29 78 48 21
594 679 1041 1256
47 29 21 66
1397 1120 426 1278
69 47 91 45
1299 1063 433 678
52 17 88 65
848 991 1109 481
87 48 26 34
971 1359 1325 656
75 39 94 72
1041 750 891 759
86 83 99 101
1303 786 1296 376
82 46 55 77
1031 1352 1320 804
42 59 50 89
459 1094 829 647
66 80 18 30
740 395 575 358
74 63 91 87
1345 813 504 533
60 109 106 74
353 471 946 733
68 88 72 79
615 755 1208 1162
66 59 102 97
709 683 908 580
38 53 50 30
804 910 422 616
21 39 27 60
1159 365 512 1144
78 54 89 98
850 1159 1152 590
34 32 50 104
1063 1106 735 433
83 92 74 54
690 456 1303 1069
98 57 94 79