93
505 582 978 1251
29 75 74 63
887 1078 1309 659
63 83 39 96
1018 982 382 1280
24 26 53 36
658 873 502 613
82 93 83 50
1271 451 789 831
84 52 36 109
895 1221 654 1197
33 68 24 37
825 487 975 652
34 97 29 84
1358 1070 1332 882
101 56 83 23
757 680 1235 703
85 35 84 86
1034 675 744 978
86 62 57 78
1093 436 1145 605
67 42 87 77
1244 859 1046 1391
64 84 101 50
1171 758 979 1364
44 21 70 83
1248 1285 437 733
69 85 20 42
1367 1272 367 992
34 35 44 59
1275 737 915 675
50 17 25 101
883 619 578 1387
43 36 16 21
626 757 1232 1253
32 97 108 96
1393 834 639 847
27 86 81 74
355 445 1123 815
33 89 22 61
379 1242 859 857
68 79 77 101
553 468 865 820
89 42 38 57
559 800 1070 950
44 37 61 85
505 1223 518 688
48 63 104 17
457 554 1378 929
15 23 40 18
741 451 1170 415
63 104 28 86
766 801 514 713
101 82 51 37
774 715 637 817
57 83 84 106
515 906 620 764
104 18 87 37
461 866 1109 612
101 43 35 48
1080 1035 1308 1355
93 79 59 82
1210 757 446 1191
43 52 41 99
762 560 628 1123
29 36 98 33
616 839 391 596
43 42 95 72
1163 477 537 442
87 34 21 103
1008 1104 1029 445
24 26 32 96
690 501 673 693
24 76 103 30
1199 577 685 870
53 39 41 88
527 1086 422 458
99 19 46 63
1064 995 1143 970
33 68 99 89
1322 589 372 515
101 89 70 82
516 417 1022 1090
54 64 77 63
360 428 370 1116
73 76 99 77
834 891 501 572
48 44 22 21
856 351 1084 1154
102 57 36 37
1329 935 1040 413
95 108 40 22
584 664 1039 1294
108 94 77 65
1254 408 668 1327
34 35 83 93
1037 1055 921 502
94 50 84 77
1178 1067 538 1357
93 21 60 19
1302 1282 467 999
101 46 28 34
498 684 1146 1178
89 39 95 60
1322 1240 825 1330
84 79 40 72
832 810 1014 1150
91 91 103 103
1283 688 795 1154
46 42 54 104
696 1337 1385 969
43 109 38 98
543 1139 424 370
19 88 64 77
974 1036 594 996
107 16 49 40
618 643 1180 637
102 63 98 102
1381 1092 808 367
108 51 31 35
399 442 1377 746
52 67 81 47
537 355 795 1254
102 59 101 18
942 1185 532 1024
17 87 71 105
1324 946 1221 758
99 32 68 81
908 497 543 428
95 53 44 69
1344 440 672 1277
24 93 38 66
587 1196 992 514
91 108 90 109
706 1260 1112 1027
38 67 31 17
992 761 1353 739
19 80 46 73
1038 591 1195 641
24 99 39 33
1034 855 418 1007
32 38 38 101
471 1241 930 1185
46 82 51 80
649 686 1026 938
82 62 62 93
446 741 471 396
80 106 91 58
562 1282 885 383
69 54 97 103
882 1288 1023 1351
34 80 93 45
965 815 819 1349
19 105 18 60
863 1057 911 1380
15 54 87 20
623 949 701 610
25 96 75 48
1158 817 1066 1396
87 70 15 78
619 907 556 605
65 40 97 48
971 1213 1367 513
34 97 39 15
499 507 1052 485
27 77 81 29
1342 1014 869 896
102 33 62 56
1220 1305 1192 758
51 21 83 45
374 747 404 605
23 83 70 23
1375 643 679 1077
32 98 56 72
643 1043 1383 1360
28 31 39 79
424 877 959 1148
45 104 70 104
1125 481 813 408
106 98 101 67
1198 1150 709 687
81 102 88 47
1020 363 577 438
65 87 37 43
1032 758 880 1391
90 96 27 47

