89
1396 1187 773 636 563 931 1345
910 903 518 1320 745 696 1153
1152 592 547 1318 1251 1341 767
1090 1074 417 904 1248 509 987
1137 1043 1126 827 1002 353 1395
584 786 1217 805 905 654 443
1237 1218 548 1171 1203 1167 1314
382 1147 1313 940 1361 1082 1143
782 968 1092 1217 369 703 449
1161 884 647 1236 533 407 660
974 1024 363 948 535 655 520
1160 1036 857 726 357 730 590
1271 387 441 919 1025 403 427
1043 833 1030 816 1255 1393 903
859 582 1317 1255 1315 435 812
616 977 1195 880 458 774 1075
1168 829 672 1287 573 1158 735
1252 515 1301 1312 1252 444 1393
732 879 893 648 470 432 500
809 786 1369 708 715 830 1091
565 675 928 627 475 1160 1054
799 815 1172 776 681 907 709
356 542 529 646 1097 718 1088
1299 999 1251 878 1200 701 1128
706 1256 1388 682 913 1156 1222
470 1273 1272 439 753 676 1322
1151 1377 1034 1179 1102 871 1258
936 920 574 516 1361 526 588
573 1316 876 468 1047 1001 876
697 559 582 390 587 1173 1154
438 671 383 806 521 672 1344
1196 785 848 744 972 496 750
1163 1354 392 1249 1062 1238 1264
938 1335 1142 409 953 1229 885
1323 854 1230 739 1392 696 957
941 1206 354 841 1155 883 1016
1350 452 531 831 449 1295 590
440 1019 823 1063 586 482 801
1013 687 712 394 1332 1323 881
1161 922 1124 859 1323 927 505
1143 522 1048 1054 378 1280 423
534 1260 818 771 849 634 1099
1092 592 981 1324 1210 988 956
1222 1233 629 1363 1344 550 662
1186 620 909 622 1080 888 1081
432 509 816 450 1055 1018 996
1084 1125 1299 551 1211 446 747
483 407 757 1332 1280 825 1001
733 492 1185 384 1251 1374 601
465 1283 944 463 940 848 435
1120 529 1197 1149 524 631 949
733 529 1209 1309 550 1121 387
1025 1355 601 894 1152 1111 887
1250 532 596 955 1107 987 841
759 968 1362 1333 620 1358 612
501 865 1283 986 732 1362 1255
909 1393 1260 959 1104 956 638
927 895 510 1067 1051 616 1255
1080 1252 444 1178 831 1242 617
638 800 1158 1102 1344 1270 1180
1249 422 505 1373 1259 559 444
1379 1015 786 947 1029 383 665
1368 973 1116 894 1325 710 838
697 540 729 1190 1290 611 1081
1196 1359 1193 752 945 1097 995
976 540 628 603 653 1356 962
1049 813 512 1081 358 412 788
428 421 1344 1195 1359 589 635
1015 366 1212 770 983 688 502
1106 765 886 506 1237 829 491
577 1144 957 1360 520 840 1152
549 952 407 705 746 1039 1180
1186 387 1165 998 716 820 1217
435 635 697 1174 554 597 1111
444 589 1121 1312 955 525 720
1293 1399 721 718 632 985 480
1123 370 1303 536 841 603 624
667 1193 651 896 560 1311 1133
1187 1220 1119 1013 1395 574 835
807 358 723 379 1134 979 1296
1057 373 1163 1323 1382 1270 651
354 435 454 714 387 1387 1335
785 944 396 955 495 836 569
665 728 550 1387 1154 401 797
1153 1295 829 738 508 1054 404
1148 921 506 976 1242 1003 710
1376 766 1124 1359 1078 1282 1250
397 880 695 1210 1127 933 386
568 819 1215 427 676 488 1341
33 20 51 105 80 84 81
106 21 63 57 44 16 52
99 56 88 59 109 103 87
70 109 17 65 98 79 84
34 62 78 47 64 104 66
80 16 37 90 71 58 37
109 45 17 105 94 48 32
77 32 76 99 37 100 108
15 51 29 97 89 78 89
68 32 92 43 26 36 86
26 19 54 40 67 104 28
85 29 106 69 89 78 31
63 73 103 87 56 38 46
61 35 55 26 101 32 22
105 86 66 46 102 40 53
96 17 97 29 23 92 51
74 94 33 68 62 95 32
50 88 31 109 97 70 41
91 36 32 67 88 79 64
58 88 35 97 24 55 48
101 17 60 63 17 69 58
35 93 17 95 106 17 19
94 91 95 38 88 76 28
45 34 35 48 18 51 58
30 103 74 104 46 61 28
42 84 56 61 48 46 37
20 61 102 65 76 61 74
39 48 85 88 101 90 21
54 104 81 86 108 96 107
21 91 59 100 104 109 35
82 63 35 26 84 83 39
33 23 93 27 29 107 49
109 57 75 98 53 87 28
65 78 25 29 63 53 89
58 22 91 45 22 97 49
70 83 21 81 27 31 72
98 51 51 44 32 84 45
90 107 75 62 92 105 66
47 50 19 55 99 26 45
20 46 41 74 101 93 31
109 52 45 83 56 102 85
59 22 89 91 78 66 70
66 49 78 42 76 32 34
18 72 23 102 71 25 34
107 87 53 102 29 53 46
94 37 89 24 35 85 49
84 93 102 70 73 72 107
57 99 35 79 77 70 92
94 18 48 85 48 27 34
38 21 78 45 45 60 53
105 95 95 30 24 18 85
33 91 29 53 46 96 101
42 48 60 98 70 68 90
22 83 90 109 15 79 88
97 56 63 109 83 75 36
106 62 54 86 90 99 20
53 83 69 97 24 89 23
15 65 72 74 44 46 92
34 24 40 76 79 32 74
97 103 63 49 103 54 37
90 76 16 105 58 57 60
106 91 105 84 40 67 102
37 78 71 56 86 75 101
42 75 40 52 18 45 91
49 22 55 42 24 20 85
30 42 34 47 34 68 38
27 77 85 71 35 97 31
102 45 31 96 97 72 84
106 72 44 72 36 84 84
78 107 19 35 54 49 89
106 17 50 38 68 104 78
96 60 35 100 55 102 77
33 49 85 64 17 102 81
23 41 72 45 66 30 48
35 109 29 31 81 19 34
106 98 109 108 32 90 40
32 87 33 38 82 103 98
57 94 22 105 19 96 105
109 94 101 69 38 37 84
79 18 58 58 74 30 65
32 19 37 71 32 89 87
58 87 102 17 108 79 81
23 101 44 46 75 90 26
41 58 59 27 85 50 95
95 84 66 51 69 66 56
76 67 80 36 67 37 66
41 85 18 48 91 99 24
102 85 38 64 17 106 44
109 20 43 100 95 69 107