94
366 1211 961 1117 1274 519 948
585 352 529 644 611 453 995
830 1158 892 1124 746 773 738
806 399 1339 917 1193 801 542
1135 545 490 516 715 608 992
827 590 905 1177 487 666 1059
1196 452 1322 1277 660 1385 905
912 1116 908 1367 848 450 1312
631 876 1109 688 1136 1255 1337
1089 1207 537 865 1306 1109 1264
1195 509 685 1043 1304 373 506
1395 622 1382 1399 733 1050 1287
560 1380 587 430 449 746 1226
1342 1356 1115 736 861 854 931
994 784 789 867 675 904 1283
766 1339 1246 1000 750 515 1233
846 1219 1117 563 967 639 713
1053 469 357 714 435 929 1316
1033 1094 841 1310 1071 1113 1047
1356 677 510 599 459 547 1083
500 433 605 1054 1271 1150 1062
927 1245 1226 1155 811 793 1204
433 1188 1271 1041 923 1085 690
393 1279 511 1393 931 1385 708
437 616 1203 464 1003 1396 1246
771 877 503 1383 663 630 954
1136 1331 1210 1221 752 1337 1228
1069 744 441 460 1006 1292 781
818 427 889 1260 1304 1011 721
360 566 1226 1165 1000 1046 542
1373 442 716 781 448 1305 484
541 1310 532 608 770 695 621
1185 712 529 858 1114 914 1193
1364 618 1289 520 567 444 1335
1277 683 1038 1139 1394 1103 721
489 1253 1194 1329 1189 1342 1326
1246 937 384 954 842 398 522
807 488 757 1284 1370 1249 1289
485 1186 1108 780 1272 421 956
583 674 1333 604 680 915 1188
995 1121 936 670 818 1274 393
1264 893 362 1036 675 420 762
1221 697 954 437 1025 933 1004
370 458 995 1361 1185 528 872
622 449 770 397 602 935 901
896 1344 470 901 1262 782 610
648 943 1317 1349 468 865 713
1064 1053 1286 770 1136 1133 726
1205 1251 408 875 736 443 554
665 1142 1118 952 459 823 561
1352 1042 1191 1290 825 571 1299
1351 518 1187 747 681 851 942
1313 511 550 591 429 1392 620
652 1124 463 1066 1234 704 1319
965 1032 747 1193 1019 1378 1342
475 488 1033 855 479 911 493
1255 1240 1151 1117 1237 1201 574
682 482 565 632 515 493 881
1010 1317 520 493 612 1270 584
378 1263 1292 382 438 356 351
881 830 576 489 684 979 906
956 1031 502 729 1137 375 1137
682 661 718 1119 1338 1377 1094
870 767 638 1008 1352 1371 900
1289 1354 848 1397 1335 948 450
750 1338 646 407 959 1322 533
730 1354 390 530 861 1363 672
976 1172 628 761 600 1089 517
382 984 596 594 1030 1328 424
867 1380 1240 562 840 472 1010
935 1300 634 1052 1331 473 1095
1178 841 741 622 480 558 420
1125 683 1189 911 841 548 643
1167 667 889 531 1263 1012 581
513 879 1064 615 592 1221 676
505 371 1155 996 1117 797 1125
960 1011 484 594 413 922 680
1222 490 498 1022 698 1355 1217
1174 360 1177 508 375 1387 1014
576 1031 1242 920 600 1241 1179
950 602 731 1316 563 612 688
1028 503 762 1319 1136 561 1284
1294 617 1063 819 903 491 1200
1336 716 1158 542 1335 797 356
858 624 460 580 565 985 560
788 1299 693 1342 770 742 590
525 885 906 812 884 1092 453
742 357 675 1077 930 612 990
503 561 393 618 1357 642 562
678 682 1091 1245 791 404 510
479 1243 1069 751 728 509 1337
462 681 853 1248 684 598 395
762 679 405 1105 1029 1113 1347
1096 1078 1241 1099 862 379 561
87 96 89 44 57 20 72
60 71 40 87 102 28 90
41 39 52 80 46 53 59
52 74 40 77 30 66 63
98 75 104 107 75 45 91
84 99 16 97 109 33 19
46 52 17 82 49 28 78
46 88 34 18 63 87 83
51 21 53 38 93 24 47
85 15 90 34 34 45 105
87 87 22 39 43 92 35
91 55 106 29 98 82 43
106 41 105 73 76 56 100
25 106 71 28 67 42 21
108 67 37 51 24 28 34
87 86 82 95 42 49 74
32 23 38 75 87 84 50
74 64 26 88 42 23 39
57 102 66 105 65 93 58
97 100 21 34 35 40 31
41 66 107 63 83 71 90
28 30 48 108 25 74 38
60 83 72 61 45 88 65
104 92 48 49 94 17 17
108 19 42 56 63 24 96
101 88 55 93 91 67 72
35 65 46 84 53 66 59
26 83 74 45 42 31 24
67 73 101 18 39 109 48
30 74 55 18 68 38 81
70 60 59 27 62 33 73
91 68 35 75 48 21 65
86 26 65 67 29 68 62
64 20 89 96 73 63 22
18 103 28 81 73 86 33
33 49 86 96 94 103 26
45 80 36 49 23 20 29
31 102 104 83 22 44 58
106 80 96 90 100 15 61
41 48 88 25 33 76 64
50 46 45 99 40 103 28
76 71 66 64 53 45 69
22 16 33 72 59 38 103
34 61 39 106 58 89 91
104 103 79 106 85 23 48
61 36 50 66 26 92 82
103 34 93 106 63 31 58
22 107 66 36 46 100 94
46 53 42 52 92 48 18
39 56 97 52 107 24 34
104 29 76 46 44 88 91
49 101 85 55 96 98 73
50 46 80 98 108 58 39
35 53 78 104 93 90 105
33 44 86 84 94 91 24
75 28 28 40 94 109 23
54 63 88 89 40 86 93
26 20 36 38 99 46 35
101 91 82 79 19 43 20
87 44 43 34 104 19 84
95 109 47 21 84 102 30
31 67 24 60 74 36 52
64 77 106 105 50 104 21
51 64 31 104 33 19 15
38 28 99 68 94 64 79
43 88 16 79 81 81 67
85 75 54 36 88 69 103
68 82 27 75 34 87 26
67 21 90 53 89 18 19
38 36 103 37 80 60 85
44 41 79 37 20 84 79
73 26 77 72 87 83 48
33 91 75 29 96 56 73
82 98 79 82 28 95 40
62 16 65 95 64 52 106
45 106 49 106 62 29 52
56 27 30 41 37 77 108
38 29 44 54 83 77 99
16 77 77 90 70 23 82
35 63 97 88 41 105 26
31 71 109 51 80 45 100
103 60 92 85 83 32 30
46 53 42 73 22 26 59
24 17 105 72 72 22 108
45 17 81 92 60 21 73
43 44 17 58 82 20 75
27 73 84 51 108 79 47
96 47 32 104 25 27 33
48 44 99 30 98 20 69
34 52 103 49 100 79 64
102 100 94 40 65 74 68
92 63 25 100 50 96 37
16 98 94 58 35 95 33
93 85 50 52 91 48 76