119
832 786 832 781 359 1217 1294
439 576 645 1036 885 1328 374
692 1295 932 580 510 992 469
651 845 1282 1379 979 883 794
563 1125 504 579 1067 1181 867
1016 632 1334 833 556 803 762
1189 748 1161 714 503 382 406
1033 1154 1255 836 984 1148 1350
1342 993 910 395 889 851 1329
1017 568 429 1192 877 1392 892
1230 1264 864 883 641 1082 923
428 662 1035 943 998 858 648
579 1002 1105 1219 1000 760 655
1226 469 850 1014 1155 926 822
1305 1306 1345 681 859 1028 894
1008 976 1017 946 705 1318 469
799 1037 1345 621 1230 806 370
530 1163 368 1161 633 1335 373
1257 925 754 673 1136 1294 792
494 1235 589 477 567 1329 866
1307 750 933 656 385 772 891
412 537 1275 790 519 1224 1271
623 874 1119 718 678 1299 821
1168 390 920 1042 1358 1010 1067
911 566 884 1240 1046 1166 721
685 920 1122 1105 584 628 353
1070 686 1338 517 682 1038 471
381 1068 995 1002 385 724 1236
1271 565 912 1274 1237 466 1289
1208 1290 705 1174 1266 1099 1371
1201 1276 488 373 769 1219 544
418 714 1114 967 1364 852 852
1305 1076 709 1252 445 1280 983
578 1044 373 746 1074 1260 769
796 646 1237 1070 629 1281 1135
1313 423 1112 700 991 428 762
538 1173 1211 1213 1223 1367 1085
1017 951 867 508 1214 732 733
516 907 756 1182 394 814 816
711 1302 1345 587 1057 1282 628
800 558 1305 1210 762 815 865
692 507 544 704 774 759 690
965 1225 1010 695 1184 915 404
423 1053 1094 799 1272 1300 420
1263 1037 430 1116 527 1176 788
1150 1078 615 701 1020 1180 492
1287 1175 453 480 977 1146 1169
1136 1375 1319 399 993 456 949
795 635 1078 1101 1264 737 541
1143 765 836 978 499 829 1369
1116 725 887 1231 672 1381 849
923 723 354 718 1174 1057 587
996 1010 705 1349 709 807 984
1150 660 1259 1041 1264 1136 593
884 999 1284 1107 1212 617 797
1361 1146 682 1323 590 1362 1079
878 1192 741 1130 1058 439 893
1170 1335 1148 1145 1013 735 592
986 351 363 776 1228 359 1012
1078 655 628 537 632 392 1214
1245 538 961 679 694 1342 548
1266 1315 691 1159 1315 777 1302
1250 572 1085 1328 404 1078 591
1291 604 671 537 859 1334 1294
1342 612 989 1247 1317 603 478
485 1366 677 1301 1223 797 868
1067 633 762 684 470 865 1374
1260 735 1143 1111 1394 386 1145
1099 691 708 1032 1220 987 458
655 421 1147 808 1020 1016 615
1070 1140 982 898 1037 1236 590
1175 1101 1304 640 759 351 400
1087 1123 1357 1241 419 482 880
451 510 966 955 462 419 927
790 1219 586 746 483 1077 455
1195 892 356 1244 791 1126 1001
847 785 1178 838 460 589 1261
1228 1268 670 885 1118 351 390
1026 1173 1342 968 1277 376 646
430 1005 428 543 863 814 975
514 766 1087 550 754 795 1172
726 675 1033 451 874 604 430
367 1345 1091 1037 1108 1103 494
361 1040 838 551 1164 592 415
1303 1148 543 657 1050 700 377
1033 588 412 1108 730 1346 528
711 1328 443 787 1273 502 845
1376 1134 1223 921 1316 686 606
839 731 842 871 768 461 1063
360 1044 710 484 754 826 1229
653 461 1071 456 659 489 459
1318 983 567 685 373 1120 1377
529 887 1010 1155 451 677 1395
731 1022 867 786 1329 1265 847
1396 733 1298 1229 640 1218 1031
903 1316 544 1308 870 890 1126
589 630 435 1212 977 998 1087
705 1121 398 354 864 922 359
1377 1002 492 494 398 872 693
814 614 966 827 855 1369 1090
703 351 354 1174 1332 513 353
1040 690 527 852 670 932 473
933 380 1010 1344 511 862 707
634 1089 716 774 594 743 1350
1130 582 1329 830 1205 653 371
1393 917 421 1236 567 1381 459
1388 1237 1308 945 1124 935 1054
673 1012 550 862 630 409 1280
1053 978 773 634 1104 810 1212
1374 1127 949 453 882 844 1384
1092 1378 1333 531 940 1226 1195
1131 774 492 1096 903 968 1150
866 1298 670 669 772 487 1005
412 1286 1254 398 1077 854 542
983 1168 934 491 680 1332 840
834 873 625 779 1306 1170 408
707 1238 1297 711 1336 828 366
959 378 1166 760 995 377 416
1004 371 824 743 954 1141 614
65 70 39 73 107 33 28
72 68 76 58 59 59 87
67 63 100 76 61 39 35
99 108 106 78 46 106 107
89 27 94 96 87 42 48
33 96 23 81 74 93 72
75 62 106 61 102 102 69
35 48 25 27 77 68 23
109 89 73 44 50 88 21
79 22 104 48 103 33 73
63 79 44 51 28 30 103
62 29 79 73 86 47 76
39 68 87 39 97 51 57
47 65 102 71 73 81 94
68 91 108 106 36 103 26
37 15 61 37 98 51 65
67 48 54 101 68 91 63
28 60 56 62 15 30 82
86 73 92 35 29 45 72
57 101 23 28 24 49 51
93 48 72 18 79 21 83
68 60 68 108 76 70 45
41 56 71 109 99 20 91
88 97 58 44 77 74 83
79 93 98 33 72 102 69
64 83 36 18 42 76 98
84 101 39 94 73 58 52
101 47 98 45 93 101 92
95 68 65 27 59 47 80
75 80 38 26 101 23 46
107 44 100 62 71 66 99
70 33 102 66 78 52 24
73 59 104 84 64 49 80
74 35 94 51 21 17 41
24 64 21 89 40 70 106
48 17 45 78 85 74 73
90 97 24 60 80 96 74
73 49 32 81 47 91 26
50 93 85 95 84 94 37
94 37 90 37 97 91 102
19 95 48 31 16 66 72
64 73 28 69 93 80 81
68 71 39 69 101 104 78
73 106 32 29 33 53 61
90 32 92 97 22 97 62
92 22 59 81 15 106 48
35 15 95 76 95 39 30
64 63 109 21 17 41 75
41 74 89 62 85 39 45
35 43 16 44 15 73 108
108 55 73 99 15 21 76
29 64 53 65 27 16 92
26 72 27 40 30 53 37
47 61 55 46 55 70 59
62 57 97 103 107 106 50
85 109 87 39 37 48 38
72 73 75 19 101 54 77
40 107 38 106 76 67 76
104 18 20 27 100 25 85
91 67 65 75 100 71 42
28 109 84 70 106 29 36
43 93 103 95 96 98 20
78 54 58 100 75 36 49
31 104 102 16 85 90 47
41 35 97 49 95 105 25
41 18 82 63 64 84 21
49 98 60 48 25 41 23
94 34 72 46 86 40 23
58 76 25 40 37 16 22
23 68 34 81 65 30 64
18 106 53 43 29 54 80
40 49 60 38 16 43 35
44 109 98 91 56 40 103
58 64 91 40 87 17 98
75 57 20 100 27 20 99
86 60 59 109 101 88 102
84 25 104 89 98 56 58
18 45 48 43 21 26 60
87 29 70 64 55 58 78
40 36 67 94 102 107 28
80 47 49 91 32 53 107
70 107 81 55 109 78 73
79 58 98 39 24 83 46
15 98 48 101 38 35 43
32 88 75 43 101 51 63
103 50 16 65 87 103 109
25 36 57 62 53 75 83
101 20 40 48 103 70 43
84 57 56 30 59 60 102
50 67 45 79 47 51 105
56 30 34 21 54 18 91
44 59 18 64 73 59 61
45 109 24 80 55 97 62
48 86 96 82 40 76 27
68 42 107 100 108 88 64
22 47 70 18 56 98 34
17 70 78 102 26 46 16
20 104 42 56 84 58 90
59 101 75 34 68 25 62
18 92 33 86 63 50 96
63 40 65 40 78 32 63
59 109 56 35 53 15 53
50 38 47 101 18 43 109
40 15 42 17 67 58 47
90 104 54 107 52 97 24
75 74 37 46 58 103 104
53 23 102 61 86 23 78
70 15 15 87 58 67 89
87 44 71 70 83 26 29
88 20 29 106 56 23 24
20 99 103 65 55 108 95
96 95 85 95 108 26 81
106 46 36 92 92 28 68
16 48 64 66 97 54 109
37 31 68 31 36 51 67
32 51 80 90 76 23 103
91 64 73 47 108 108 32
99 28 15 67 74 78 48
66 100 102 24 100 15 50