33
373 631 1196 1368 1124 432 1030
1299 613 564 805 900 775 1384
448 1160 397 1305 909 1060 433
1016 617 1219 404 442 900 1286
1324 1065 1151 398 785 1047 765
730 401 848 439 867 586 1312
1289 941 425 808 1161 818 686
1130 721 923 794 1284 370 1198
1092 836 1043 1230 542 923 771
1177 368 1308 430 542 1124 519
1023 583 1088 441 1139 823 631
1312 911 385 498 590 989 1362
1319 993 835 576 675 1156 1343
918 916 920 1107 1249 734 572
1152 1299 1275 1209 834 1155 1244
487 791 670 660 740 387 809
976 1173 672 1306 471 898 921
1195 1337 580 451 718 539 790
1234 1368 402 844 1104 697 1269
450 898 1064 1106 816 1121 915
703 1265 414 532 1176 992 608
1136 842 1387 992 1105 683 525
829 586 628 654 670 1078 438
649 1262 665 1340 1397 1342 540
979 942 938 757 656 1182 580
751 576 1181 1332 1103 988 844
869 546 458 1234 1110 638 895
1367 748 731 1287 633 1091 717
986 790 1135 998 1231 563 1147
712 776 1391 1387 1367 1262 1034
1352 999 415 1143 1000 1082 855
868 686 567 1010 854 668 1384
706 1205 420 860 1301 946 839
48 77 39 75 32 83 103
95 48 37 32 50 104 24
94 87 90 27 48 34 83
21 26 71 34 101 29 96
34 78 66 22 46 23 54
60 105 34 72 100 50 97
21 87 42 33 84 61 40
30 78 59 40 25 80 18
81 45 37 24 90 73 109
97 100 50 21 57 72 68
50 42 103 51 40 100 58
87 44 32 96 44 37 100
63 37 89 22 40 20 93
85 28 106 106 30 50 48
40 29 45 47 61 53 83
24 48 87 98 52 71 19
94 81 41 45 87 96 92
42 17 74 60 90 97 39
107 64 77 72 22 90 83
105 95 31 63 83 56 40
32 20 78 35 101 68 38
73 69 23 90 108 74 73
94 84 76 102 51 109 59
30 106 51 33 45 38 49
67 20 77 94 44 17 15
45 64 76 100 36 107 70
39 40 96 103 90 20 51
59 39 99 38 34 26 71
29 23 92 93 20 98 37
59 52 92 27 29 75 103
56 50 83 62 96 17 103
46 19 78 91 24 39 56
56 76 54 41 45 85 56